75345
75396
75387
40766
40763
10327
75382
75355
75331
10316
10333
10354
10367
40693
10237
40761
79007
11377
40893
11373
30685
75391
30708
75386
75380
75327
75304
75328
75349
75415
75351
75274
75305
75276
75277
75350
75343
75429
75408
75458
75419
40771
40825
40772
75192
75367
75407
75397
75409
40516
75313
75394
40758
40788
40789
66804
75372
75373
75399
75330
75353
75329
75352
75339
75296
66708
75299
75310
75311
31216
40767
853449
853946
854124
854186
854236
854245
854246
854288
854312
854313
854319
854289
854187
21336
75375
75405
75404
75406
75376
75377
75393
31140
75389
40573
75354
40820
40819
40649
40504
76393
75461
40776
40775
40499
10349
11506
75430
75381
75403
75452
75398
75379
75434
75428
75308
75443
75410
21042
21063
21062
21058
21061
21034
21060
31218
31220
31215
31213
31208
31212
40730
40483
40917
75442
75417
31157
30728
21323
42221
10360
10341
42158
21327
10356
40921
75446
75440
11389
10363
40902
76461
76341
77256
10315
11503
10313
10311
11505
10345
10342
10359
21369
40896
10234
10256
21372
71426
